55 14 1
28 33 1
74 88 0
67 36 1
3 58 1
73 3 1
74 88 0
91 23 1
94 81 0
80 51 0
64 37 1
76 43 0
86 80 0
21 36 1
68 72 0
90 61 0
97 20 1
96 47 0
87 73 0
20 97 1
88 41 0
32 0 1
82 36 1
81 50 0
90 58 0
26 97 0
15 59 0
29 99 0
41 99 1
47 15 1
44 99 1
27 2 1
99 32 1
83 13 1
78 27 1
53 75 0
60 83 0
97 31 1
77 85 0
70 88 0
47 16 1
86 30 1
31 41 0
86 71 0
21 93 1
13 76 0
88 8 1
90 37 1
89 89 0
59 15 1
37 21 1
99 1 1
33 38 1
10 59 1
27 73 0
44 52 0
30 13 1
47 19 1
14 19 0
28 42 0
18 23 1
0 90 1
39 80 0
51 46 0
38 82 0
38 75 0
93 85 0
2 18 0
30 11 1
45 80 0
19 97 1
45 10 1
91 12 1
52 27 1
97 9 1
44 78 0
76 47 0
27 6 1
93 7 1
75 20 1
87 44 0
94 65 0
64 55 0
49 22 1
62 35 1
34 44 0
11 36 0
78 73 0
19 86 1
73 62 0
51 45 0
17 89 1
9 1 0
64 46 0
22 51 0
25 99 1
5 4 0
86 33 1
67 32 1
78 77 0
