65 187 1
65 143 1
63 101 1
19 21 1
35 26 1
23 74 0
52 57 0
24 198 1
29 134 1
41 114 1
20 86 0
44 102 1
57 190 1
48 43 1
47 96 1
21 48 1
50 117 1
20 180 1
56 121 1
39 144 1
59 187 1
45 89 0
33 31 1
23 26 1
33 122 1
25 40 1
51 195 1
49 181 1
18 34 0
19 21 1
65 62 0
40 45 1
51 71 0
65 36 1
18 181 1
55 77 0
36 72 0
27 54 0
45 88 0
65 61 0
42 75 0
47 143 1
65 88 0
59 155 1
66 111 1
48 191 1
59 165 1
67 38 1
24 126 1
34 198 1
69 193 1
58 198 1
47 193 1
55 56 0
46 199 1
62 116 1
36 45 1
53 46 1
61 181 1
64 187 1
57 137 1
46 126 1
35 71 0
21 79 0
67 78 0
59 146 1
48 191 1
31 195 1
34 128 1
29 115 1
28 4 1
69 131 1
56 60 0
64 43 1
31 189 1
64 99 1
18 187 1
67 130 1
34 118 1
19 57 0
52 162 1
33 101 1
36 192 1
48 9 1
61 172 1
63 78 0
62 72 0
30 21 1
53 69 0
47 4 1
65 57 0
50 59 0
29 176 1
63 81 0
21 38 1
25 133 1
24 153 1
63 185 1
41 65 0
57 172 1
