65 187 1
65 143 1
63 101 1
19 21 1
35 26 1
23 74 0
52 57 0
24 198 1
29 134 1
41 114 1
20 86 0
44 102 1
57 190 1
48 43 1
47 96 1
21 48 1
50 117 1
20 180 1
56 121 1
39 144 1
59 187 1
45 89 0
33 31 1
23 26 1
33 122 1
25 40 1
51 195 1
49 181 1
18 34 0
19 21 1
65 62 0
40 45 1
51 71 0
65 36 1
18 181 1
55 77 0
36 72 0
27 54 0
45 88 0
65 61 0
42 75 0
47 143 1
65 88 0
59 155 1
66 111 1
48 191 1
59 165 1
67 38 1
24 126 1
34 198 1
69 193 1
58 198 1
47 193 1
55 56 0
46 199 1
62 116 1
36 45 1
53 46 1
61 181 1
64 187 1
57 137 1
46 126 1
35 71 0
21 79 0
67 78 0
59 146 1
48 191 1
31 195 1
34 128 1
29 115 1
28 4 1
69 131 1
56 60 0
64 43 1
31 189 1
64 99 1
18 187 1
67 130 1
34 118 1
19 57 0
52 162 1
33 101 1
36 192 1
48 9 1
61 172 1
63 78 0
62 72 0
30 21 1
53 69 0
47 4 1
65 57 0
50 59 0
29 176 1
63 81 0
21 38 1
25 133 1
24 153 1
63 185 1
41 65 0
57 172 1
49 190 1
18 0 1
36 171 1
45 114 1
67 87 0
22 78 0
59 31 1
17 16 1
58 87 0
57 11 1
48 1 1
67 1 1
45 172 1
20 38 1
29 126 1
64 4 1
53 187 1
54 155 1
63 199 1
45 179 1
60 47 1
57 140 1
32 112 1
64 103 1
24 29 1
18 185 1
27 172 1
52 129 1
48 103 1
17 108 1
38 149 1
26 66 0
35 131 1
24 135 1
60 11 1
22 141 1
62 184 1
56 66 0
62 121 1
32 161 1
28 10 1
55 193 1
20 89 0
56 5 1
16 49 0
39 20 1
40 116 1
62 70 0
32 154 1
47 86 0
26 92 1
44 164 1
34 136 1
54 34 1
49 167 1
67 72 0
37 55 0
52 129 1
25 13 1
21 90 0
19 198 1
19 4 1
53 160 1
37 194 1
62 113 1
45 53 0
22 109 1
61 139 1
23 124 1
56 64 0
36 62 0
68 159 1
34 172 1
49 128 1
36 42 1
58 103 1
49 43 1
65 167 1
59 115 1
23 27 1
28 18 1
47 121 1
46 45 1
38 83 0
16 77 0
61 181 1
37 36 1
37 132 1
35 43 1
38 169 1
66 160 1
56 82 0
32 79 0
32 114 1
57 89 0
60 156 1
27 192 1
33 76 0
41 1 1
41 70 0
25 38 1
55 29 1
58 153 1
45 122 1
47 78 0
20 23 1
65 13 1
49 14 1
50 36 1
29 105 1
26 162 1
36 115 1
29 73 0
28 150 1
35 7 1
67 64 0
63 77 0
42 91 1
34 128 1
35 185 1
67 88 0
55 91 1
18 79 0
39 189 1
48 130 1
62 46 1
29 62 0
61 1 1
51 0 1
18 166 1
36 133 1
39 16 1
18 198 1
18 99 1
58 170 1
17 106 1
49 0 1
60 199 1
18 40 0
43 183 1
65 100 1
50 11 1
19 191 1
61 48 1
59 35 1
26 113 1
16 21 1
29 62 0
44 32 1
56 23 1
38 15 1
38 5 1
68 46 1
28 9 1
65 78 0
50 12 1
46 101 1
57 162 1
31 113 1
18 88 1
68 103 1
36 60 0
46 58 0
58 67 0
65 142 1
58 107 1
34 8 1
33 122 1
64 35 1
24 124 1
22 179 1
58 192 1
46 50 0
63 70 0
15 16 1
31 14 1
19 22 1
60 80 0
16 153 1
23 140 1
24 179 1
19 30 1
67 183 1
40 91 1
29 153 1
61 82 0
22 162 1
50 130 1
56 23 1
65 185 1
57 77 0
59 87 0
56 166 1
53 133 1
44 153 1
61 67 0
44 155 1
37 97 1
64 172 1
52 3 1
17 156 1
15 73 0
38 159 1
23 172 1
20 106 1
64 35 1
43 84 0
38 8 1
20 11 1
33 168 1
62 13 1
27 39 1
69 157 1
28 170 1
49 50 0
43 37 1
17 122 1
67 130 1
29 94 1
62 14 1
54 179 1
32 18 1
43 10 1
24 180 1
39 43 1
36 80 0
20 143 1
54 39 1
25 82 0
36 147 1
26 154 1
38 197 1
45 21 1
55 150 1
21 8 1
53 152 1
49 143 1
39 178 1
17 91 1
63 54 0
26 101 1
31 173 1
28 199 1
62 8 1
45 112 1
37 55 0
42 185 1
63 111 1
63 110 1
32 35 1
34 160 1
65 187 1
33 5 1
44 45 1
46 33 1
45 45 1
21 198 1
47 185 1
24 23 1
24 19 1
64 37 1
49 134 1
66 45 1
25 120 1
39 103 1
39 148 1
40 91 1
47 169 1
15 33 0
30 10 1
40 174 1
22 143 1
54 34 1
28 130 1
56 197 1
59 190 1
56 143 1
38 190 1
69 45 1
35 15 1
61 70 0
65 131 1
35 150 1
56 147 1
47 44 1
20 80 0
40 38 1
17 29 1
25 30 1
60 157 1
51 27 1
59 158 1
39 97 1
18 93 1
42 148 1
64 22 1
34 12 1
64 193 1
19 23 1
64 180 1
47 23 1
46 2 1
60 191 1
40 186 1
22 179 1
28 63 0
69 30 1
43 101 1
55 132 1
21 169 1
37 84 0
22 3 1
37 63 0
36 23 1
28 157 1
17 105 1
65 75 0
50 150 1
69 6 1
20 173 1
58 9 1
22 12 1
46 27 1
38 18 1
25 88 0
55 64 0
50 140 1
43 90 0
54 48 1
15 173 1
39 39 1
41 127 1
28 129 1
65 60 0
50 124 1
43 64 0
16 107 1
43 107 1
58 18 1
67 57 0
56 101 1
38 83 0
36 11 1
69 182 1
42 157 1
58 16 1
38 76 0
47 177 1
68 2 1
67 108 1
35 191 1
36 155 1
68 24 1
34 133 1
42 108 1
21 166 1
22 81 0
23 78 0
21 84 0
18 144 1
65 136 1
43 43 1
54 67 0
18 152 1
33 60 0
54 144 1
18 25 1
41 55 0
46 140 1
37 65 0
37 20 1
26 76 0
37 110 1
39 51 0
48 74 0
18 40 0
36 58 0
24 61 0
28 146 1
50 11 1
48 29 1
54 67 0
33 10 1
57 14 1
56 181 1
17 40 0
19 43 1
37 97 1
32 35 1
57 97 1
41 127 1
24 192 1
50 195 1
37 198 1
35 132 1
59 124 1
35 132 1
22 147 1
49 25 1
56 66 0
66 88 0
48 177 1
59 28 1
27 6 1
64 90 0
29 146 1
63 46 1
42 23 1
40 89 0
36 129 1
26 58 0
32 86 0
57 132 1
61 80 0
67 94 1
26 192 1
19 38 1
32 61 0
33 147 1
41 108 1
67 47 1
54 141 1
45 21 1
43 67 0
50 59 0
43 121 1
32 2 1
43 149 1
22 191 1
33 71 0
66 83 0
17 76 0
64 85 0
25 62 0
51 186 1
40 49 1
45 167 1
28 17 1
47 161 1
36 104 1
22 108 1
39 68 0
53 113 1
19 128 1
32 195 1
20 140 1
60 157 1
49 71 0
55 127 1
16 20 1
46 169 1
62 147 1
45 60 0
67 71 0
57 132 1
46 171 1
57 70 0
65 3 1
65 54 0
16 99 1
65 72 0
27 139 1
48 86 0
67 172 1
56 48 1
55 118 1
62 73 0
69 79 0
16 178 1
23 51 0
51 142 1
41 181 1
55 105 1
50 20 1
36 39 1
22 157 1
26 182 1
26 61 0
54 40 1
32 43 1
61 100 1
22 71 0
63 186 1
43 178 1
22 17 1
56 127 1
54 109 1
46 98 1
42 132 1
55 92 1
66 138 1
42 180 1
20 183 1
27 98 1
47 90 0
58 122 1
61 98 1
66 66 0
56 108 1
42 125 1
50 63 0
34 195 1
54 178 1
23 28 1
31 119 1
15 85 1
53 86 0
25 186 1
44 140 1
20 195 1
23 95 1
25 41 1
63 145 1
62 11 1
20 105 1
57 90 0
54 52 0
28 125 1
61 121 1
40 168 1
58 169 1
29 2 1
44 107 1
61 49 1
47 77 0
16 168 1
45 197 1
36 118 1
62 86 0
38 96 1
27 136 1
20 76 0
40 60 0
30 3 1
20 119 1
21 87 0
58 199 1
68 72 0
27 82 0
25 160 1
62 7 1
59 180 1
35 94 1
45 14 1
34 45 1
46 0 1
28 15 1
34 25 1
23 173 1
62 66 0
63 0 1
51 94 1
37 140 1
57 46 1
66 152 1
15 83 1
49 96 1
62 21 1
48 154 1
42 102 1
44 148 1
35 119 1
58 109 1
26 26 1
57 34 1
16 109 1
26 170 1
41 33 1
53 49 1
27 102 1
15 81 1
67 85 0
28 181 1
46 124 1
61 171 1
20 149 1
41 175 1
54 22 1
15 24 0
47 27 1
61 89 0
58 10 1
30 146 1
36 155 1
42 38 1
63 166 1
34 93 1
30 115 1
45 92 1
34 119 1
25 160 1
19 123 1
24 6 1
29 52 0
37 187 1
60 140 1
17 90 1
46 88 0
23 62 0
28 141 1
60 73 0
53 96 1
20 1 1
22 141 1
52 31 1
53 72 0
66 64 0
31 73 0
59 167 1
55 40 1
39 88 0
37 143 1
18 6 1
41 100 1
66 142 1
67 128 1
21 176 1
28 191 1
30 58 0
51 82 0
62 21 1
48 138 1
44 68 0
26 142 1
47 148 1
65 55 0
29 176 1
57 119 1
36 178 1
17 94 1
21 115 1
69 5 1
56 73 0
29 15 1
54 81 0
66 137 1
40 88 0
45 197 1
20 57 0
42 118 1
25 59 0
59 161 1
59 81 0
54 132 1
33 55 0
43 177 1
54 23 1
25 21 1
16 96 1
59 120 1
52 16 1
39 77 0
24 104 1
69 160 1
42 89 0
51 112 1
34 169 1
59 96 1
39 82 0
28 182 1
16 198 1
28 93 1
39 169 1
42 198 1
62 150 1
68 173 1
54 73 0
68 166 1
32 131 1
63 17 1
21 193 1
49 38 1
30 7 1
15 157 1
67 59 0
65 158 1
61 184 1
40 102 1
68 196 1
49 9 1
47 50 0
39 91 1
43 183 1
23 98 1
17 190 1
52 197 1
35 98 1
18 31 0
16 27 1
43 36 1
21 87 0
45 47 1
24 149 1
36 39 1
43 26 1
53 196 1
65 69 0
52 80 0
21 143 1
61 58 0
22 159 1
44 188 1
68 103 1
47 143 1
20 121 1
27 69 0
49 99 1
18 113 1
18 116 1
31 84 0
31 90 0
44 198 1
59 121 1
22 109 1
25 115 1
30 184 1
57 195 1
47 71 0
63 8 1
68 181 1
67 60 0
19 83 1
43 198 1
47 133 1
64 63 0
67 175 1
65 63 0
25 168 1
23 76 0
47 136 1
24 55 0
22 1 1
47 80 0
20 49 1
62 165 1
51 104 1
18 199 1
41 44 1
47 111 1
40 146 1
39 32 1
63 47 1
25 22 1
29 139 1
37 44 1
23 28 1
64 86 0
54 198 1
59 96 1
41 46 1
57 187 1
63 161 1
30 183 1
60 75 0
38 71 0
56 69 0
46 147 1
66 71 0
55 132 1
68 73 0
35 173 1
67 168 1
25 58 0
37 28 1
20 69 0
37 106 1
45 195 1
48 71 0
20 198 1
69 186 1
38 34 1
51 18 1
38 105 1
53 86 0
25 58 0
31 163 1
60 33 1
55 132 1
37 35 1
15 128 1
42 78 0
48 96 1
27 179 1
52 33 1
55 196 1
21 109 1
55 9 1
31 95 1
57 172 1
52 19 1
15 172 1
23 69 0
50 118 1
44 103 1
42 51 0
63 161 1
48 122 1
21 18 1
29 142 1
66 32 1
37 172 1
68 165 1
43 78 0
57 22 1
44 24 1
28 138 1
20 121 1
49 42 1
67 74 0
49 184 1
54 72 0
52 78 0
37 139 1
51 100 1
56 126 1
42 29 1
24 198 1
21 69 0
47 178 1
39 147 1
17 71 0
29 161 1
23 58 0
24 128 1
35 51 0
20 140 1
44 139 1
65 160 1
43 91 1
24 38 1
42 61 0
63 174 1
28 74 0
53 2 1
30 5 1
50 98 1
37 189 1
32 149 1
17 192 1
42 182 1
26 196 1
39 170 1
53 155 1
68 67 0
45 198 1
26 193 1
63 182 1
37 84 0
55 76 0
39 11 1
65 7 1
34 177 1
29 132 1
39 151 1
43 102 1
18 118 1
31 172 1
20 90 0
17 45 0
56 56 0
51 63 0
27 193 1
69 77 0
38 181 1
23 83 0
42 153 1
15 125 1
22 15 1
57 32 1
34 71 0
43 52 0
56 54 0
18 21 1
28 12 1
57 40 1
29 178 1
16 64 0
21 54 0
55 148 1
30 58 0
28 150 1
58 124 1
51 136 1
54 192 1
22 56 0
29 47 1
46 194 1
46 173 1
55 130 1
21 180 1
39 1 1
50 49 1
31 2 1
15 146 1
49 155 1
21 2 1
22 148 1
47 4 1
58 134 1
40 123 1
