24 98 1
39 106 1
22 144 1
30 29 1
42 87 0
52 166 1
38 14 1
31 93 1
34 122 1
59 21 1
40 79 0
58 175 1
30 175 1
51 14 1
18 195 1
25 19 1
31 27 1
46 12 1
39 101 1
30 25 1
58 13 1
15 63 0
67 113 1
27 68 0
37 39 1
16 29 1
27 181 1
38 159 1
27 22 1
66 158 1
51 7 1
47 102 1
68 79 0
31 36 1
67 95 1
20 39 1
31 39 1
29 27 1
55 29 1
61 97 1
21 155 1
60 74 0
20 114 1
62 86 0
44 153 1
65 170 1
38 10 1
38 37 1
20 64 0
28 8 1
22 51 0
43 57 0
47 95 1
21 0 1
28 171 1
66 181 1
43 170 1
63 132 1
43 93 1
56 127 1
25 62 0
44 117 1
20 4 1
23 80 0
40 110 1
54 178 1
21 149 1
31 36 1
46 164 1
32 109 1
52 77 0
65 157 1
19 22 1
55 72 0
40 38 1
54 140 1
15 199 1
62 163 1
15 72 0
47 17 1
42 46 1
37 155 1
69 177 1
54 1 1
36 40 1
39 180 1
60 108 1
44 1 1
59 107 1
49 124 1
21 170 1
58 77 0
57 6 1
54 8 1
20 0 1
62 180 1
37 41 1
26 165 1
17 90 1
38 12 1
39 90 0
38 48 1
34 56 0
67 56 0
69 188 1
36 29 1
42 51 0
59 59 0
40 23 1
21 65 0
57 114 1
24 56 0
58 173 1
32 144 1
69 137 1
20 141 1
21 0 1
64 9 1
49 56 0
50 76 0
28 46 1
61 25 1
35 193 1
25 189 1
38 8 1
45 115 1
36 14 1
54 72 0
61 83 0
67 165 1
40 56 0
15 167 1
52 66 0
32 26 1
32 141 1
53 8 1
54 36 1
61 180 1
29 177 1
39 21 1
55 175 1
21 181 1
28 194 1
21 127 1
50 65 0
61 128 1
53 49 1
68 152 1
28 143 1
62 117 1
56 0 1
62 103 1
19 69 0
15 44 0
43 107 1
67 70 0
43 13 1
58 91 1
66 11 1
67 7 1
25 76 0
23 49 1
54 100 1
18 65 0
67 0 1
63 93 1
52 113 1
58 125 1
46 125 1
44 36 1
35 51 0
46 134 1
19 14 1
31 84 0
56 14 1
34 127 1
29 111 1
34 131 1
49 19 1
18 136 1
35 101 1
42 152 1
37 31 1
23 164 1
60 44 1
22 190 1
54 109 1
35 106 1
53 115 1
34 73 0
64 6 1
69 74 0
43 7 1
34 97 1
38 186 1
32 12 1
28 97 1
28 31 1
47 136 1
33 51 0
45 1 1
18 8 1
40 58 0
31 164 1
43 172 1
41 167 1
16 15 1
44 108 1
21 45 1
41 96 1
52 16 1
16 45 0
68 199 1
27 12 1
27 17 1
47 168 1
58 36 1
37 191 1
65 94 1
23 105 1
62 69 0
32 56 0
19 25 1
48 64 0
24 33 1
57 31 1
18 39 0
55 26 1
39 33 1
55 176 1
41 187 1
68 128 1
58 192 1
52 26 1
34 69 0
68 108 1
46 153 1
21 4 1
46 79 0
63 174 1
55 77 0
65 6 1
54 198 1
66 176 1
66 33 1
62 34 1
50 69 0
32 25 1
47 20 1
30 155 1
26 73 0
36 160 1
38 6 1
34 178 1
60 12 1
31 25 1
57 99 1
49 113 1
44 166 1
37 26 1
25 44 1
67 12 1
35 157 1
31 88 0
68 64 0
29 60 0
22 139 1
44 38 1
60 187 1
56 44 1
31 110 1
18 134 1
66 16 1
59 137 1
69 93 1
28 105 1
62 44 1
61 34 1
64 77 0
62 122 1
23 184 1
42 71 0
50 87 0
51 176 1
50 69 0
20 175 1
24 171 1
33 6 1
40 85 0
23 117 1
46 119 1
18 190 1
55 77 0
23 122 1
56 145 1
60 157 1
23 2 1
48 185 1
25 197 1
31 31 1
41 75 0
38 1 1
54 46 1
39 45 1
68 47 1
40 172 1
57 103 1
45 71 0
47 108 1
18 182 1
56 39 1
48 157 1
44 80 0
25 77 0
23 76 0
64 48 1
63 103 1
38 126 1
15 35 0
23 169 1
20 179 1
61 151 1
32 44 1
15 159 1
50 105 1
63 114 1
30 194 1
57 108 1
66 144 1
27 156 1
49 36 1
41 87 0
15 131 1
31 43 1
44 148 1
68 31 1
62 5 1
62 38 1
66 29 1
22 175 1
38 163 1
65 50 0
55 64 0
36 67 0
67 25 1
15 191 1
33 28 1
22 21 1
29 194 1
33 22 1
42 0 1
37 31 1
35 48 1
40 115 1
58 89 0
69 131 1
69 187 1
36 118 1
65 166 1
40 189 1
25 141 1
62 173 1
27 21 1
63 88 0
16 98 1
54 69 0
67 68 0
45 41 1
53 7 1
35 148 1
60 90 0
65 63 0
34 36 1
44 124 1
54 54 0
56 66 0
27 22 1
51 137 1
36 100 1
25 38 1
30 145 1
66 121 1
46 166 1
31 118 1
36 185 1
62 3 1
61 140 1
28 64 0
35 110 1
60 53 0
32 198 1
28 119 1
52 38 1
41 195 1
48 118 1
68 36 1
28 88 0
50 38 1
30 83 0
28 65 0
64 199 1
68 17 1
49 44 1
27 16 1
26 53 0
66 93 1
46 83 0
61 118 1
15 174 1
51 181 1
54 159 1
53 150 1
44 147 1
48 163 1
35 7 1
64 96 1
59 45 1
43 150 1
56 43 1
29 58 0
37 52 0
50 131 1
20 52 0
67 65 0
57 162 1
62 138 1
25 164 1
38 171 1
36 90 0
41 159 1
38 127 1
65 119 1
32 1 1
64 110 1
51 149 1
56 40 1
66 156 1
34 171 1
25 158 1
58 189 1
38 40 1
34 111 1
37 64 0
49 174 1
67 197 1
24 3 1
32 46 1
66 18 1
33 128 1
33 117 1
30 109 1
26 87 0
41 168 1
37 67 0
65 136 1
41 150 1
46 22 1
27 100 1
16 66 0
26 77 0
68 107 1
37 18 1
60 186 1
21 37 1
34 144 1
47 75 0
29 184 1
45 183 1
35 99 1
27 77 0
21 76 0
22 15 1
59 182 1
61 44 1
33 160 1
45 145 1
36 16 1
59 99 1
28 73 0
49 101 1
61 68 0
25 81 0
23 48 1
56 126 1
43 71 0
52 39 1
67 1 1
22 22 1
65 119 1
23 60 0
56 87 0
23 102 1
28 84 0
43 56 0
65 30 1
58 192 1
30 8 1
17 91 1
69 8 1
34 111 1
42 196 1
50 91 1
61 177 1
27 18 1
34 155 1
22 148 1
64 108 1
52 199 1
16 43 0
30 137 1
22 11 1
25 39 1
30 10 1
36 75 0
20 160 1
15 64 0
39 15 1
52 127 1
61 153 1
67 6 1
34 22 1
64 184 1
42 59 0
60 172 1
66 110 1
32 122 1
21 96 1
61 30 1
64 112 1
67 118 1
21 123 1
66 140 1
17 131 1
62 146 1
59 171 1
33 93 1
54 141 1
57 171 1
51 83 0
48 153 1
69 76 0
65 169 1
59 100 1
55 126 1
67 145 1
53 198 1
41 164 1
21 41 1
64 54 0
52 82 0
31 158 1
51 30 1
68 39 1
28 60 0
55 65 0
56 90 0
51 102 1
35 115 1
19 157 1
24 120 1
38 168 1
38 51 0
35 31 1
27 9 1
61 104 1
58 193 1
37 136 1
41 161 1
44 143 1
58 176 1
35 45 1
39 118 1
43 50 0
55 50 0
52 73 0
35 148 1
55 51 0
16 137 1
16 36 0
63 19 1
57 23 1
19 32 1
42 199 1
53 159 1
43 7 1
59 17 1
17 152 1
31 140 1
22 43 1
28 16 1
27 90 0
46 74 0
18 74 0
56 185 1
18 10 1
47 57 0
20 197 1
42 192 1
35 160 1
45 130 1
22 49 1
55 9 1
68 33 1
27 171 1
45 124 1
23 181 1
43 130 1
28 122 1
53 82 0
35 84 0
64 161 1
54 63 0
57 199 1
34 80 0
22 115 1
57 48 1
42 179 1
46 53 0
60 45 1
50 21 1
61 45 1
50 31 1
63 139 1
36 45 1
36 167 1
47 54 0
59 189 1
55 29 1
28 1 1
65 39 1
17 188 1
49 88 0
25 173 1
42 150 1
59 107 1
48 194 1
49 135 1
34 164 1
45 118 1
44 60 0
42 59 0
21 108 1
23 141 1
45 160 1
52 31 1
28 55 0
33 173 1
33 130 1
49 179 1
63 22 1
32 125 1
56 179 1
66 139 1
48 123 1
31 47 1
25 45 1
47 179 1
47 8 1
43 142 1
18 109 1
16 40 0
26 180 1
51 26 1
58 163 1
36 155 1
46 72 0
20 71 0
23 97 1
25 114 1
15 156 1
27 101 1
24 130 1
29 131 1
37 43 1
69 133 1
21 107 1
60 138 1
24 98 1
38 195 1
68 32 1
55 50 0
35 46 1
15 157 1
44 24 1
37 164 1
62 127 1
38 187 1
38 144 1
42 62 0
41 170 1
26 172 1
32 18 1
66 50 0
25 63 0
44 82 0
64 199 1
26 141 1
64 100 1
63 25 1
38 20 1
58 22 1
22 107 1
68 136 1
29 71 0
62 182 1
37 70 0
31 39 1
36 16 1
40 36 1
53 93 1
63 143 1
51 9 1
54 4 1
46 12 1
28 33 1
22 134 1
59 116 1
36 153 1
46 82 0
49 137 1
51 7 1
38 63 0
27 10 1
47 18 1
24 28 1
19 157 1
55 126 1
31 9 1
51 146 1
32 27 1
68 19 1
48 174 1
62 136 1
38 130 1
57 56 0
43 187 1
34 14 1
22 103 1
60 195 1
21 47 1
40 161 1
32 94 1
33 176 1
42 164 1
40 143 1
25 166 1
59 133 1
24 36 1
65 32 1
56 97 1
26 54 0
46 100 1
32 156 1
39 149 1
66 76 0
49 97 1
62 151 1
57 17 1
56 114 1
24 121 1
25 21 1
68 50 0
29 191 1
68 132 1
65 8 1
56 57 0
48 9 1
48 178 1
46 45 1
38 166 1
52 106 1
62 119 1
21 111 1
31 43 1
38 3 1
24 60 0
15 21 0
63 0 1
39 45 1
51 163 1
69 54 0
61 47 1
24 158 1
56 153 1
36 156 1
61 168 1
38 190 1
18 21 1
43 32 1
61 53 0
60 181 1
64 180 1
18 90 1
16 195 1
53 151 1
56 119 1
62 61 0
42 3 1
15 5 1
33 58 0
15 119 1
18 113 1
64 181 1
67 100 1
56 195 1
30 131 1
42 83 0
26 8 1
42 165 1
60 175 1
69 167 1
61 42 1
68 186 1
65 38 1
51 33 1
24 164 1
59 199 1
64 155 1
35 137 1
51 109 1
24 1 1
16 5 1
61 191 1
25 101 1
26 174 1
34 198 1
23 7 1
29 162 1
52 51 0
24 130 1
40 119 1
66 62 0
17 196 1
31 10 1
62 93 1
27 99 1
69 61 0
51 64 0
44 195 1
27 109 1
46 121 1
59 106 1
17 47 0
21 139 1
61 190 1
60 3 1
65 67 0
53 196 1
64 151 1
31 78 0
20 109 1
50 109 1
58 0 1
57 34 1
35 186 1
64 122 1
64 156 1
25 121 1
15 86 1
47 87 0
34 59 0
57 90 0
20 111 1
18 148 1
26 85 0
18 109 1
28 124 1
57 131 1
29 17 1
17 104 1
28 19 1
53 166 1
25 8 1
16 196 1
33 23 1
40 27 1
41 152 1
48 148 1
55 6 1
57 5 1
56 41 1
59 100 1
54 3 1
67 78 0
51 30 1
34 162 1
46 110 1
63 115 1
60 152 1
37 160 1
67 175 1
63 168 1
66 53 0
31 197 1
19 60 0
15 175 1
41 40 1
15 193 1
24 18 1
18 192 1
33 197 1
29 81 0
60 30 1
56 113 1
35 89 0
42 14 1
57 165 1
50 135 1
23 11 1
67 66 0
56 78 0
59 0 1
57 160 1
16 1 1
61 133 1
56 64 0
29 67 0
25 20 1
25 182 1
36 1 1
37 48 1
36 160 1
41 161 1
26 78 0
22 179 1
28 77 0
50 199 1
18 134 1
43 117 1
45 118 1
31 48 1
43 124 1
59 147 1
49 55 0
19 25 1
45 8 1
63 105 1
49 174 1
25 44 1
69 159 1
42 83 0
43 183 1
63 38 1
30 66 0
25 37 1
22 7 1
59 158 1
40 47 1
44 157 1
46 28 1
40 132 1
15 5 1
28 0 1
50 20 1
38 4 1
62 98 1
59 18 1
21 100 1
25 137 1
49 6 1
36 26 1
43 52 0
57 132 1
49 147 1
17 103 1
22 154 1
23 124 1
44 24 1
64 113 1
61 31 1
39 82 0
33 90 0
68 98 1
47 79 0
20 178 1
34 88 0
24 17 1
18 144 1
47 167 1
67 188 1
65 140 1
37 95 1
55 183 1
43 107 1
19 114 1
40 83 0
46 149 1
46 88 0
36 197 1
26 153 1
61 119 1
37 135 1
59 182 1
44 8 1
17 74 0
58 11 1
36 59 0
19 26 1
18 121 1
22 23 1
