41 33 1
36 183 1
52 57 0
41 99 1
21 14 1
26 190 1
31 1 1
41 10 1
34 120 1
48 129 1
54 52 0
32 65 0
27 122 1
68 173 1
20 187 1
58 130 1
19 131 1
44 94 1
66 28 1
25 3 1
37 42 1
54 65 0
58 187 1
58 131 1
64 81 0
24 21 1
42 83 0
30 29 1
65 96 1
26 43 1
43 170 1
25 134 1
38 150 1
29 131 1
29 197 1
43 152 1
31 164 1
50 104 1
33 172 1
59 190 1
32 112 1
55 46 1
65 23 1
27 84 0
69 44 1
42 148 1
16 112 1
16 168 1
67 141 1
52 121 1
44 55 0
27 20 1
53 153 1
39 92 1
51 171 1
33 104 1
45 2 1
33 150 1
64 134 1
39 82 0
55 192 1
58 80 0
43 167 1
41 49 1
49 190 1
52 94 1
65 138 1
59 54 0
40 26 1
26 19 1
68 51 0
46 159 1
18 94 1
34 84 0
26 29 1
20 123 1
15 13 1
17 68 0
57 46 1
25 17 1
52 69 0
51 87 0
65 107 1
62 7 1
49 82 0
27 146 1
45 107 1
41 176 1
16 6 1
55 135 1
54 64 0
40 153 1
32 171 1
45 5 1
35 151 1
62 154 1
61 86 0
47 64 0
58 12 1
52 29 1
39 134 1
37 98 1
37 184 1
58 125 1
49 160 1
22 55 0
55 155 1
47 193 1
16 162 1
38 12 1
34 33 1
41 12 1
51 131 1
45 62 0
67 124 1
52 31 1
67 25 1
56 74 0
50 53 0
35 191 1
31 17 1
45 122 1
30 75 0
40 40 1
34 24 1
32 49 1
18 75 0
52 128 1
68 138 1
41 40 1
28 96 1
38 171 1
20 174 1
18 46 0
59 50 0
40 114 1
58 177 1
46 182 1
34 70 0
20 13 1
32 34 1
53 127 1
56 173 1
60 113 1
37 143 1
25 53 0
53 187 1
17 4 1
49 17 1
52 4 1
33 127 1
46 97 1
61 73 0
27 116 1
31 113 1
45 140 1
39 150 1
18 128 1
30 132 1
32 198 1
53 166 1
69 169 1
38 63 0
41 128 1
19 75 0
40 85 0
20 78 0
43 165 1
15 192 1
59 142 1
55 61 0
54 30 1
23 45 1
15 174 1
46 61 0
16 146 1
49 24 1
22 142 1
49 86 0
38 29 1
35 90 0
20 72 0
43 118 1
61 44 1
31 45 1
59 180 1
50 156 1
37 50 0
37 131 1
31 142 1
58 57 0
56 117 1
37 12 1
33 185 1
39 19 1
68 12 1
61 158 1
54 95 1
16 165 1
26 125 1
55 110 1
64 12 1
27 45 1
34 65 0
42 16 1
30 124 1
33 35 1
18 82 1
46 48 1
48 125 1
68 20 1
19 159 1
16 67 0
35 161 1
67 25 1
68 185 1
16 89 1
19 19 1
50 165 1
41 90 0
46 110 1
58 142 1
15 67 0
18 162 1
28 121 1
38 130 1
66 171 1
15 190 1
35 108 1
55 38 1
54 67 0
52 40 1
18 135 1
69 138 1
52 28 1
20 124 1
35 31 1
49 18 1
28 97 1
65 3 1
59 177 1
51 64 0
29 110 1
69 71 0
23 52 0
23 128 1
47 45 1
57 54 0
48 34 1
57 37 1
33 38 1
63 116 1
63 186 1
16 191 1
33 71 0
38 182 1
34 131 1
58 178 1
19 76 0
51 55 0
26 146 1
31 15 1
59 25 1
52 82 0
15 73 0
53 8 1
29 139 1
17 117 1
48 145 1
41 0 1
67 99 1
40 66 0
29 91 1
44 173 1
60 50 0
55 117 1
46 9 1
53 73 0
35 63 0
19 54 0
29 3 1
69 73 0
62 155 1
50 39 1
40 148 1
38 66 0
64 75 0
38 153 1
48 177 1
31 128 1
27 75 0
52 12 1
51 74 0
69 187 1
27 143 1
32 95 1
28 95 1
25 118 1
61 59 0
22 115 1
49 142 1
31 154 1
24 28 1
36 15 1
63 111 1
38 158 1
66 53 0
33 123 1
35 182 1
60 141 1
62 151 1
38 179 1
48 52 0
16 177 1
47 107 1
67 12 1
27 124 1
61 155 1
26 138 1
28 31 1
32 135 1
48 66 0
67 81 0
49 105 1
68 132 1
26 164 1
29 120 1
67 10 1
25 41 1
69 176 1
43 43 1
61 185 1
27 105 1
20 82 0
36 125 1
18 126 1
58 11 1
55 76 0
66 48 1
49 43 1
40 142 1
45 47 1
17 153 1
64 130 1
27 84 0
16 34 0
30 62 0
40 133 1
34 34 1
33 191 1
28 85 0
38 70 0
48 90 0
65 20 1
33 179 1
43 17 1
39 127 1
44 38 1
56 144 1
31 159 1
59 44 1
27 114 1
38 156 1
57 191 1
20 10 1
63 179 1
45 107 1
19 97 1
40 41 1
66 78 0
50 161 1
59 35 1
50 77 0
60 124 1
43 166 1
64 61 0
22 186 1
66 65 0
36 37 1
32 115 1
24 29 1
65 16 1
40 175 1
18 138 1
27 41 1
33 47 1
66 139 1
62 48 1
40 85 0
41 152 1
61 160 1
56 174 1
26 101 1
56 39 1
67 32 1
42 98 1
34 4 1
49 198 1
65 80 0
36 94 1
39 55 0
25 181 1
63 34 1
62 74 0
49 58 0
21 34 1
67 190 1
59 141 1
54 21 1
32 68 0
32 75 0
52 118 1
23 129 1
41 127 1
47 169 1
49 182 1
40 118 1
16 62 0
48 154 1
61 29 1
29 37 1
68 79 0
20 78 0
20 169 1
54 198 1
27 17 1
59 130 1
17 16 1
25 170 1
34 178 1
51 49 1
50 171 1
66 49 1
28 44 1
67 24 1
68 68 0
15 84 1
22 54 0
32 5 1
18 145 1
34 153 1
30 42 1
35 39 1
41 179 1
60 49 1
22 177 1
45 155 1
36 157 1
21 42 1
44 128 1
66 83 0
69 56 0
53 7 1
43 56 0
65 33 1
41 188 1
19 98 1
22 140 1
55 115 1
29 44 1
38 127 1
55 135 1
52 36 1
38 17 1
24 146 1
24 10 1
62 159 1
54 7 1
54 195 1
27 78 0
42 136 1
58 97 1
66 160 1
44 57 0
64 10 1
15 66 0
43 93 1
28 132 1
68 197 1
63 33 1
47 172 1
47 70 0
43 182 1
29 191 1
23 154 1
51 172 1
24 66 0
64 198 1
62 195 1
65 180 1
54 193 1
31 15 1
17 197 1
46 141 1
27 95 1
35 63 0
24 9 1
27 63 0
48 12 1
22 173 1
47 43 1
67 0 1
48 15 1
15 154 1
42 2 1
69 17 1
45 42 1
39 50 0
35 192 1
37 9 1
22 131 1
65 81 0
51 126 1
29 190 1
49 188 1
33 174 1
45 192 1
48 173 1
53 128 1
20 36 1
54 119 1
61 0 1
42 78 0
56 69 0
41 145 1
63 50 0
42 76 0
26 24 1
59 138 1
48 91 1
28 167 1
40 9 1
40 33 1
27 19 1
54 164 1
62 23 1
21 86 0
39 112 1
16 12 1
45 103 1
56 141 1
65 151 1
16 111 1
56 170 1
40 151 1
32 174 1
65 12 1
69 77 0
34 141 1
25 186 1
41 57 0
24 25 1
17 22 1
69 167 1
31 142 1
26 154 1
37 31 1
41 124 1
39 125 1
49 0 1
51 64 0
25 197 1
54 162 1
53 129 1
16 71 0
54 73 0
40 192 1
60 43 1
32 185 1
61 54 0
68 6 1
29 42 1
54 198 1
18 56 0
18 134 1
61 118 1
39 160 1
66 41 1
30 182 1
58 113 1
21 42 1
16 93 1
18 95 1
57 112 1
20 160 1
16 122 1
28 121 1
36 188 1
61 170 1
65 87 0
43 70 0
50 18 1
68 12 1
67 125 1
18 85 1
46 159 1
16 33 0
53 21 1
63 191 1
42 133 1
35 184 1
55 26 1
40 64 0
28 129 1
67 151 1
63 194 1
46 52 0
23 48 1
17 91 1
54 49 1
31 35 1
17 97 1
22 45 1
15 153 1
36 45 1
53 159 1
43 15 1
16 77 0
33 153 1
29 155 1
29 142 1
54 175 1
69 38 1
47 35 1
30 194 1
46 162 1
23 12 1
68 68 0
28 23 1
42 117 1
62 157 1
46 42 1
57 32 1
47 67 0
19 14 1
65 128 1
16 140 1
22 99 1
66 94 1
69 27 1
21 37 1
45 126 1
44 191 1
16 35 0
49 88 0
51 122 1
45 76 0
27 112 1
26 191 1
59 181 1
46 107 1
21 50 0
31 85 0
49 46 1
23 1 1
58 172 1
19 95 1
57 43 1
59 24 1
35 131 1
68 181 1
30 66 0
42 64 0
33 38 1
17 182 1
17 155 1
17 50 0
63 48 1
67 157 1
19 71 0
17 122 1
59 141 1
31 157 1
32 196 1
23 156 1
36 199 1
34 106 1
64 128 1
21 13 1
23 70 0
50 132 1
68 113 1
30 72 0
47 28 1
28 73 0
57 156 1
60 115 1
67 39 1
18 52 0
54 74 0
34 6 1
32 72 0
48 144 1
36 162 1
26 42 1
60 19 1
40 131 1
45 8 1
53 159 1
32 134 1
34 157 1
20 63 0
67 184 1
32 13 1
40 119 1
22 106 1
67 66 0
32 25 1
64 64 0
40 173 1
60 188 1
16 172 1
40 24 1
31 180 1
35 154 1
17 174 1
66 153 1
41 83 0
35 99 1
18 24 1
45 13 1
20 145 1
40 67 0
48 108 1
26 152 1
55 78 0
52 183 1
35 19 1
30 70 0
39 60 0
26 149 1
66 155 1
57 15 1
25 119 1
49 197 1
21 154 1
43 109 1
53 112 1
39 114 1
58 110 1
55 148 1
54 164 1
31 83 0
48 21 1
62 31 1
44 6 1
56 41 1
25 185 1
46 47 1
61 166 1
17 93 1
35 187 1
66 118 1
18 139 1
61 67 0
16 105 1
57 79 0
44 48 1
20 115 1
63 130 1
32 62 0
21 77 0
51 72 0
55 139 1
63 196 1
24 155 1
23 81 0
68 81 0
30 196 1
36 79 0
68 141 1
21 170 1
53 199 1
18 98 1
23 61 0
59 16 1
66 49 1
49 23 1
51 5 1
43 111 1
61 32 1
55 85 0
18 58 0
48 122 1
62 183 1
34 102 1
43 77 0
22 100 1
16 106 1
62 138 1
47 38 1
56 48 1
59 155 1
63 18 1
40 72 0
69 150 1
50 125 1
50 30 1
42 183 1
31 22 1
38 70 0
23 193 1
33 52 0
46 14 1
16 177 1
48 176 1
69 42 1
39 135 1
36 57 0
48 46 1
63 14 1
54 197 1
28 195 1
47 143 1
60 66 0
35 139 1
46 65 0
53 106 1
22 36 1
48 148 1
26 167 1
63 199 1
48 107 1
38 173 1
15 65 0
19 130 1
47 84 0
31 58 0
41 29 1
65 81 0
58 3 1
65 62 0
51 63 0
28 17 1
60 165 1
45 27 1
15 107 1
22 120 1
23 142 1
56 107 1
19 177 1
43 155 1
36 58 0
56 26 1
37 28 1
66 163 1
41 61 0
54 11 1
38 33 1
18 47 0
67 63 0
42 94 1
45 139 1
43 108 1
23 137 1
19 52 0
61 113 1
57 77 0
37 110 1
55 157 1
53 173 1
37 19 1
60 158 1
37 112 1
60 47 1
22 100 1
20 165 1
52 172 1
20 9 1
63 187 1
60 82 0
67 49 1
61 99 1
40 10 1
43 57 0
65 109 1
20 75 0
32 69 0
23 174 1
15 189 1
17 12 1
64 14 1
25 197 1
43 109 1
50 194 1
33 21 1
34 102 1
55 45 1
37 128 1
24 180 1
30 146 1
45 96 1
44 156 1
15 71 0
58 109 1
21 152 1
59 68 0
20 144 1
61 6 1
37 132 1
19 62 0
15 130 1
47 106 1
31 150 1
36 3 1
15 147 1
35 80 0
21 189 1
56 77 0
50 64 0
20 195 1
47 34 1
29 144 1
50 35 1
16 179 1
43 78 0
33 130 1
24 110 1
22 15 1
36 47 1
65 179 1
54 80 0
30 177 1
56 54 0
50 52 0
60 35 1
35 51 0
32 55 0
38 89 0
40 188 1
21 11 1
18 15 1
48 139 1
46 145 1
38 197 1
29 185 1
64 188 1
38 43 1
44 85 0
26 10 1
47 21 1
45 189 1
53 57 0
55 73 0
33 2 1
57 113 1
33 36 1
38 119 1
51 135 1
40 111 1
21 11 1
36 50 0
23 71 0
45 96 1
40 0 1
18 34 0
34 177 1
69 157 1
54 58 0
23 18 1
51 152 1
29 102 1
52 174 1
40 22 1
47 22 1
53 61 0
23 87 0
30 33 1
19 65 0
59 113 1
63 20 1
53 82 0
47 30 1
17 4 1
60 27 1
29 119 1
43 142 1
62 130 1
22 106 1
58 59 0
53 67 0
30 49 1
48 54 0
54 33 1
56 73 0
69 152 1
43 17 1
59 99 1
65 94 1
65 62 0
24 112 1
64 14 1
48 166 1
61 159 1
33 184 1
33 70 0
18 39 0
18 90 1
51 153 1
34 104 1
