35 49 1
39 64 0
50 27 1
18 77 0
34 187 1
46 189 1
53 196 1
42 16 1
49 195 1
28 137 1
54 74 0
31 143 1
63 180 1
37 36 1
26 61 0
21 150 1
27 118 1
34 15 1
59 131 1
24 44 1
56 178 1
50 179 1
17 15 1
43 28 1
25 85 0
63 140 1
17 79 0
51 138 1
52 70 0
19 66 0
65 44 1
63 139 1
61 175 1
49 99 1
39 54 0
68 166 1
45 45 1
15 28 0
47 103 1
45 197 1
18 140 1
27 82 0
31 29 1
49 169 1
18 15 1
28 173 1
33 116 1
48 48 1
25 175 1
37 125 1
40 105 1
35 184 1
68 118 1
42 17 1
60 114 1
31 39 1
26 155 1
44 185 1
69 9 1
36 87 0
19 144 1
54 129 1
64 47 1
36 16 1
39 130 1
56 169 1
25 198 1
69 135 1
69 145 1
47 184 1
66 128 1
62 57 0
57 56 0
35 73 0
16 155 1
28 77 0
47 153 1
62 185 1
19 99 1
43 182 1
22 90 0
21 11 1
58 159 1
37 119 1
54 176 1
28 53 0
30 51 0
32 76 0
44 45 1
46 151 1
45 185 1
48 76 0
50 176 1
29 149 1
47 78 0
39 158 1
45 138 1
66 133 1
43 186 1
30 171 1
20 199 1
62 128 1
67 21 1
35 39 1
16 81 1
52 172 1
61 57 0
34 195 1
32 166 1
32 106 1
37 108 1
49 81 0
38 98 1
32 73 0
67 162 1
34 69 0
16 10 1
50 106 1
25 172 1
57 30 1
36 138 1
15 172 1
53 70 0
28 96 1
45 58 0
44 194 1
47 139 1
47 31 1
24 198 1
57 192 1
17 20 1
38 86 0
19 161 1
64 67 0
51 13 1
28 104 1
53 135 1
51 24 1
60 41 1
59 78 0
29 116 1
32 185 1
64 195 1
64 14 1
55 11 1
32 21 1
68 105 1
36 138 1
50 48 1
58 90 0
34 11 1
26 45 1
20 163 1
55 159 1
28 17 1
26 194 1
63 132 1
31 133 1
19 44 1
53 7 1
63 52 0
56 84 0
67 188 1
51 103 1
22 192 1
48 138 1
41 71 0
65 156 1
59 22 1
18 190 1
33 101 1
39 46 1
37 144 1
32 174 1
35 173 1
47 113 1
31 156 1
26 64 0
28 87 0
46 29 1
15 131 1
59 118 1
43 17 1
32 20 1
57 127 1
40 104 1
43 195 1
27 154 1
34 72 0
22 89 0
55 154 1
28 60 0
48 32 1
55 199 1
52 51 0
26 12 1
54 163 1
66 187 1
47 48 1
43 20 1
29 14 1
69 74 0
48 106 1
45 57 0
27 61 0
37 25 1
42 167 1
60 22 1
20 122 1
60 0 1
66 32 1
31 196 1
49 139 1
19 139 1
50 32 1
27 46 1
55 69 0
29 46 1
41 192 1
63 195 1
35 131 1
23 127 1
43 144 1
51 109 1
51 165 1
30 13 1
64 180 1
26 169 1
36 19 1
66 43 1
28 187 1
37 106 1
30 1 1
44 167 1
20 124 1
43 128 1
15 176 1
51 133 1
65 128 1
32 2 1
42 20 1
68 99 1
60 109 1
46 193 1
67 70 0
52 198 1
63 126 1
28 25 1
38 71 0
40 153 1
32 158 1
67 13 1
69 125 1
37 91 1
47 190 1
42 194 1
52 20 1
44 178 1
43 169 1
25 9 1
57 99 1
66 112 1
25 189 1
63 144 1
58 48 1
58 114 1
28 5 1
37 119 1
29 186 1
33 163 1
58 163 1
17 49 0
42 7 1
53 151 1
44 167 1
48 162 1
53 24 1
51 89 0
15 91 1
69 116 1
40 75 0
58 44 1
69 38 1
23 93 1
58 158 1
22 92 1
43 147 1
24 140 1
40 183 1
51 100 1
21 127 1
21 171 1
20 161 1
36 54 0
56 52 0
42 19 1
15 158 1
52 50 0
34 33 1
27 85 0
61 12 1
26 135 1
51 9 1
48 99 1
32 189 1
60 99 1
42 149 1
18 135 1
45 20 1
36 33 1
49 120 1
24 17 1
35 120 1
44 75 0
35 49 1
16 169 1
61 163 1
54 80 0
69 86 0
29 157 1
28 33 1
61 166 1
47 23 1
53 25 1
30 163 1
46 132 1
50 95 1
34 175 1
33 13 1
62 122 1
21 155 1
41 74 0
47 177 1
44 157 1
47 12 1
29 177 1
26 32 1
63 118 1
36 117 1
19 29 1
26 114 1
60 84 0
59 167 1
56 19 1
64 87 0
44 73 0
42 26 1
52 198 1
15 141 1
21 127 1
18 71 0
20 164 1
67 31 1
61 35 1
48 60 0
33 110 1
44 109 1
31 64 0
47 93 1
50 186 1
35 102 1
56 64 0
22 190 1
54 104 1
16 94 1
51 79 0
41 24 1
43 35 1
20 98 1
38 36 1
53 119 1
53 117 1
69 146 1
58 12 1
65 184 1
48 165 1
21 152 1
53 51 0
66 39 1
55 130 1
31 133 1
41 78 0
48 79 0
58 174 1
62 101 1
20 52 0
32 17 1
55 40 1
17 106 1
17 18 1
64 49 1
47 80 0
25 111 1
50 37 1
24 98 1
46 90 0
31 35 1
38 30 1
56 57 0
68 100 1
63 74 0
19 31 1
45 21 1
63 160 1
44 103 1
54 64 0
23 122 1
21 180 1
27 80 0
21 16 1
51 79 0
25 180 1
62 105 1
64 81 0
43 195 1
65 48 1
29 131 1
29 184 1
51 76 0
20 56 0
36 99 1
53 79 0
62 153 1
25 79 0
63 84 0
54 84 0
49 160 1
45 140 1
53 196 1
20 156 1
23 14 1
28 26 1
53 105 1
54 142 1
29 143 1
52 184 1
27 61 0
22 10 1
26 118 1
66 8 1
31 81 0
59 59 0
42 117 1
39 59 0
69 2 1
64 11 1
21 73 0
44 35 1
16 153 1
39 88 0
35 101 1
68 161 1
69 165 1
65 46 1
16 136 1
34 171 1
20 8 1
32 161 1
52 27 1
34 175 1
17 182 1
54 58 0
61 41 1
19 130 1
57 7 1
66 19 1
17 90 1
61 4 1
44 31 1
20 6 1
49 140 1
33 198 1
36 191 1
56 122 1
55 81 0
68 52 0
20 33 1
66 61 0
58 109 1
26 185 1
39 144 1
47 108 1
31 147 1
35 127 1
53 7 1
63 170 1
41 4 1
20 140 1
54 110 1
51 38 1
26 107 1
47 127 1
35 138 1
32 23 1
15 141 1
27 111 1
69 114 1
31 54 0
27 116 1
47 154 1
24 141 1
34 31 1
49 147 1
15 58 0
26 94 1
69 100 1
27 16 1
47 122 1
24 136 1
49 29 1
50 60 0
67 66 0
55 166 1
50 98 1
61 71 0
30 21 1
32 177 1
39 159 1
66 46 1
49 173 1
46 120 1
44 38 1
57 136 1
38 80 0
19 124 1
39 136 1
37 118 1
63 189 1
59 174 1
38 147 1
27 67 0
48 57 0
49 180 1
53 140 1
27 170 1
38 168 1
29 24 1
31 127 1
65 189 1
34 29 1
42 108 1
47 157 1
45 28 1
36 84 0
45 155 1
18 156 1
49 157 1
37 49 1
44 95 1
16 76 0
42 42 1
20 137 1
64 137 1
61 11 1
21 26 1
49 88 0
38 67 0
45 187 1
22 44 1
58 42 1
23 78 0
18 194 1
21 157 1
40 135 1
48 152 1
37 90 0
34 55 0
22 108 1
29 63 0
32 183 1
55 40 1
15 186 1
37 143 1
19 30 1
55 182 1
67 136 1
55 112 1
17 132 1
62 18 1
48 122 1
58 48 1
46 153 1
69 81 0
54 180 1
51 68 0
49 180 1
68 65 0
47 60 0
49 143 1
50 39 1
57 193 1
46 97 1
45 131 1
41 63 0
22 132 1
37 64 0
46 80 0
48 149 1
39 140 1
19 132 1
19 77 0
49 174 1
57 154 1
64 155 1
64 107 1
31 41 1
20 73 0
68 174 1
49 114 1
69 198 1
30 75 0
37 50 0
31 107 1
16 28 1
22 5 1
66 198 1
16 71 0
26 45 1
57 112 1
60 14 1
33 156 1
56 145 1
20 88 0
36 186 1
42 144 1
52 27 1
21 133 1
44 26 1
61 186 1
49 124 1
26 64 0
46 55 0
24 42 1
37 186 1
34 128 1
59 94 1
40 106 1
15 181 1
18 119 1
67 43 1
43 59 0
64 10 1
42 15 1
42 181 1
17 109 1
25 146 1
58 10 1
28 98 1
65 165 1
44 33 1
44 72 0
26 178 1
67 156 1
68 95 1
46 125 1
57 116 1
15 187 1
40 152 1
63 64 0
60 20 1
48 12 1
20 150 1
22 69 0
54 97 1
52 175 1
51 112 1
50 100 1
36 39 1
44 124 1
46 166 1
36 178 1
56 128 1
20 149 1
18 198 1
66 129 1
48 23 1
52 25 1
53 111 1
35 97 1
32 103 1
67 59 0
28 35 1
40 177 1
59 92 1
45 173 1
46 115 1
38 9 1
34 124 1
17 25 1
36 116 1
53 86 0
21 6 1
64 123 1
68 90 0
20 155 1
60 4 1
46 192 1
68 186 1
53 36 1
47 144 1
69 88 0
62 161 1
68 78 0
67 120 1
29 75 0
43 31 1
27 106 1
46 93 1
55 58 0
44 196 1
44 36 1
48 149 1
47 179 1
56 99 1
15 127 1
43 158 1
47 150 1
61 166 1
59 170 1
33 166 1
54 155 1
54 193 1
43 2 1
19 74 0
64 112 1
55 195 1
44 150 1
19 69 0
27 24 1
37 80 0
36 164 1
21 100 1
33 10 1
45 31 1
40 69 0
62 16 1
55 132 1
44 156 1
20 51 0
50 50 0
55 193 1
18 17 1
51 179 1
39 163 1
21 32 1
28 0 1
22 40 1
35 184 1
30 56 0
49 57 0
47 174 1
65 143 1
47 122 1
28 85 0
49 117 1
30 118 1
64 115 1
42 51 0
20 108 1
61 91 1
40 80 0
58 28 1
24 182 1
44 84 0
48 181 1
63 136 1
24 181 1
26 125 1
19 42 1
34 37 1
45 30 1
29 77 0
53 144 1
32 120 1
64 118 1
16 192 1
54 78 0
15 120 1
17 157 1
67 132 1
26 63 0
62 141 1
16 82 1
26 171 1
18 107 1
46 60 0
42 138 1
57 10 1
39 119 1
20 14 1
42 103 1
47 135 1
51 88 0
60 165 1
49 77 0
33 68 0
21 30 1
38 149 1
52 152 1
47 18 1
23 178 1
67 19 1
41 126 1
44 196 1
24 126 1
57 146 1
20 176 1
58 77 0
53 29 1
30 199 1
65 177 1
20 149 1
26 118 1
34 5 1
40 121 1
28 40 1
26 6 1
45 99 1
44 122 1
67 52 0
52 103 1
63 103 1
48 146 1
47 24 1
52 29 1
36 43 1
68 170 1
25 140 1
37 115 1
30 133 1
47 167 1
61 165 1
50 158 1
61 188 1
55 38 1
21 81 0
24 51 0
36 147 1
54 99 1
27 103 1
22 182 1
32 181 1
32 155 1
40 111 1
43 167 1
27 101 1
63 54 0
59 105 1
16 8 1
22 142 1
36 84 0
68 35 1
30 142 1
47 53 0
50 45 1
19 0 1
25 7 1
67 112 1
36 93 1
15 155 1
19 103 1
30 191 1
25 63 0
15 5 1
55 51 0
24 187 1
40 132 1
50 178 1
16 71 0
43 179 1
62 82 0
34 26 1
64 89 0
35 17 1
32 44 1
68 183 1
51 67 0
31 46 1
59 69 0
44 48 1
48 131 1
39 157 1
45 15 1
15 32 0
49 52 0
49 51 0
57 56 0
47 47 1
25 105 1
48 131 1
17 114 1
16 35 0
23 80 0
39 112 1
30 164 1
35 167 1
18 91 1
26 53 0
68 0 1
42 179 1
64 32 1
18 169 1
69 81 0
29 198 1
51 117 1
27 14 1
58 10 1
27 98 1
40 117 1
53 121 1
28 61 0
35 80 0
18 31 0
28 79 0
64 80 0
33 33 1
43 196 1
60 195 1
30 160 1
65 82 0
26 162 1
39 162 1
19 31 1
26 71 0
44 179 1
58 0 1
52 152 1
42 162 1
36 81 0
38 159 1
29 70 0
42 170 1
35 49 1
62 174 1
58 48 1
18 39 0
29 138 1
47 120 1
34 108 1
23 80 0
49 65 0
15 58 0
37 32 1
35 158 1
65 188 1
56 19 1
27 161 1
31 82 0
16 31 0
23 40 1
51 107 1
45 5 1
26 168 1
22 133 1
20 152 1
48 66 0
64 100 1
57 194 1
26 169 1
27 20 1
45 112 1
67 143 1
29 47 1
60 113 1
33 164 1
20 141 1
25 175 1
27 153 1
54 183 1
49 47 1
20 108 1
37 39 1
61 118 1
26 198 1
16 93 1
57 113 1
41 148 1
47 188 1
21 124 1
41 137 1
46 191 1
50 101 1
49 73 0
34 17 1
28 102 1
58 115 1
46 81 0
31 30 1
30 26 1
20 80 0
66 133 1
47 45 1
38 70 0
44 87 0
15 50 0
38 86 0
38 178 1
23 140 1
55 26 1
63 160 1
