25 47 0
93 31 1
56 8 1
26 30 1
88 25 1
70 39 1
95 87 0
51 81 0
39 77 0
54 87 0
46 93 1
73 16 1
69 6 1
51 39 1
39 75 0
89 89 0
28 26 1
94 19 1
82 40 1
60 64 0
75 57 0
33 8 1
24 52 0
66 48 0
54 63 0
78 21 1
70 60 0
48 38 1
56 47 0
3 70 1
72 55 0
13 48 0
39 17 1
57 1 1
45 8 1
68 17 1
39 14 1
20 69 0
19 90 1
33 21 1
25 5 1
76 69 0
55 85 0
50 95 1
33 69 0
92 3 1
14 9 0
30 27 1
84 45 0
94 62 0
37 37 1
81 57 0
55 62 0
76 97 1
83 9 1
3 19 0
5 0 0
48 56 0
15 85 1
95 81 0
20 38 1
4 76 1
84 14 1
17 54 0
99 93 1
74 76 0
58 17 1
24 67 0
85 96 1
3 84 1
4 9 0
55 64 0
6 88 1
79 67 0
50 11 1
96 56 0
69 97 1
83 15 1
34 90 0
91 93 1
99 71 0
3 82 1
88 53 0
65 42 0
13 91 1
23 77 0
48 55 0
29 49 0
26 73 0
35 39 1
43 66 0
25 73 0
91 95 1
64 47 0
29 25 1
91 39 1
0 12 0
42 72 0
42 79 0
70 59 0
