25 47 0
93 31 1
56 8 1
26 30 1
88 25 1
70 39 1
95 87 0
51 81 0
39 77 0
54 87 0
46 93 1
73 16 1
69 6 1
51 39 1
39 75 0
89 89 0
28 26 1
94 19 1
82 40 1
60 64 0
75 57 0
33 8 1
24 52 0
66 48 0
54 63 0
78 21 1
70 60 0
48 38 1
56 47 0
3 70 1
72 55 0
13 48 0
39 17 1
57 1 1
45 8 1
68 17 1
39 14 1
20 69 0
19 90 1
33 21 1
25 5 1
76 69 0
55 85 0
50 95 1
33 69 0
92 3 1
14 9 0
30 27 1
84 45 0
94 62 0
37 37 1
81 57 0
55 62 0
76 97 1
83 9 1
3 19 0
5 0 0
48 56 0
15 85 1
95 81 0
20 38 1
4 76 1
84 14 1
17 54 0
99 93 1
74 76 0
58 17 1
24 67 0
85 96 1
3 84 1
4 9 0
55 64 0
6 88 1
79 67 0
50 11 1
96 56 0
69 97 1
83 15 1
34 90 0
91 93 1
99 71 0
3 82 1
88 53 0
65 42 0
13 91 1
23 77 0
48 55 0
29 49 0
26 73 0
35 39 1
43 66 0
25 73 0
91 95 1
64 47 0
29 25 1
91 39 1
0 12 0
42 72 0
42 79 0
70 59 0
1 91 1
24 41 0
33 1 1
18 88 1
83 12 1
75 86 0
21 82 1
89 74 0
88 95 1
12 98 1
16 30 1
98 1 1
0 55 1
53 85 0
26 5 1
8 96 1
28 81 0
30 57 0
25 58 0
93 78 0
51 14 1
8 16 0
2 38 1
86 86 0
10 83 1
25 22 1
6 13 0
76 57 0
3 85 1
7 73 1
89 44 0
41 98 1
14 18 0
53 92 1
67 73 0
17 11 1
4 82 1
7 64 1
0 61 1
45 22 1
76 9 1
80 25 1
23 37 1
93 31 1
75 61 0
28 25 1
20 57 0
37 72 0
74 71 0
90 82 0
20 31 1
90 53 0
35 22 1
25 91 1
94 12 1
65 51 0
51 45 0
54 76 0
14 14 0
44 66 0
56 87 0
69 67 0
87 21 1
33 34 1
26 90 0
81 48 0
48 18 1
80 76 0
89 10 1
2 11 0
16 69 0
70 66 0
11 4 0
92 61 0
62 89 0
56 24 1
61 83 0
17 84 1
47 68 0
75 9 1
19 67 0
52 31 1
57 49 0
24 66 0
91 54 0
90 14 1
32 60 0
1 23 0
51 48 0
58 78 0
33 2 1
8 91 1
90 94 1
8 96 1
79 39 1
90 54 0
75 41 0
47 34 1
87 88 0
98 4 1
71 94 1
65 85 0
40 55 0
1 88 1
97 25 1
55 89 0
69 66 0
19 0 1
81 46 0
67 26 1
91 47 0
53 36 1
71 66 0
16 56 0
13 61 0
91 92 1
10 48 1
64 56 0
88 44 0
99 74 0
45 72 0
52 47 0
5 55 1
74 73 0
19 38 1
42 64 0
63 47 0
82 8 1
80 93 1
81 19 1
60 5 1
43 78 0
85 83 0
68 52 0
31 93 0
48 66 0
38 27 1
80 15 1
37 98 0
12 68 0
90 47 0
62 83 0
35 6 1
18 91 1
76 11 1
41 8 1
23 54 0
27 76 0
80 8 1
24 57 0
75 69 0
38 52 0
15 89 1
72 28 1
55 33 1
30 79 0
65 88 0
1 19 0
37 22 1
78 13 1
17 47 0
70 57 0
41 4 1
95 99 1
76 98 1
18 55 0
92 95 1
31 4 1
81 77 0
75 20 1
80 77 0
94 9 1
46 1 1
72 29 1
83 11 1
54 64 0
67 78 0
58 45 0
97 45 0
73 91 1
53 43 0
31 90 0
93 26 1
25 83 1
5 74 1
12 45 0
43 83 0
89 16 1
91 46 0
8 28 0
71 87 0
0 38 1
12 25 0
2 67 1
3 70 1
28 68 0
44 0 1
24 33 1
50 11 1
29 52 0
18 75 0
28 13 1
47 17 1
72 77 0
15 77 0
47 65 0
5 58 1
15 51 0
20 97 1
57 89 0
56 9 1
38 71 0
1 93 1
40 44 0
43 84 0
7 85 1
29 54 0
47 93 1
87 23 1
12 17 0
57 85 0
60 4 1
33 30 1
28 50 0
90 28 1
20 25 1
41 8 1
64 78 0
71 50 0
87 13 1
65 2 1
61 5 1
75 26 1
38 39 1
33 17 1
25 25 1
23 19 1
0 68 1
47 96 1
14 85 1
36 51 0
17 70 0
36 8 1
98 76 0
63 95 1
76 22 1
8 51 1
56 38 1
80 28 1
28 95 0
90 73 0
38 99 0
86 61 0
36 16 1
44 24 1
71 10 1
88 76 0
32 93 0
71 95 1
98 33 1
11 35 0
20 72 0
46 25 1
1 25 0
64 64 0
93 51 0
0 28 0
50 39 1
87 5 1
42 67 0
39 81 0
71 5 1
34 87 0
4 31 1
63 53 0
55 30 1
59 45 0
49 91 1
65 89 0
56 69 0
6 1 0
50 90 0
4 11 0
8 73 1
27 46 0
74 1 1
19 55 0
3 80 1
50 58 0
17 96 1
65 62 0
79 67 0
91 5 1
14 89 1
75 22 1
98 31 1
56 68 0
68 37 1
18 54 0
12 14 0
42 58 0
76 0 1
51 35 1
93 21 1
68 2 1
34 68 0
30 86 0
80 19 1
3 87 1
26 17 1
89 71 0
36 0 1
90 85 0
96 3 1
74 34 1
87 88 0
48 64 0
14 40 0
11 38 0
27 92 0
56 27 1
55 86 0
85 78 0
68 17 1
63 20 1
16 44 0
20 42 0
2 56 1
83 69 0
13 71 0
23 22 1
92 2 1
69 82 0
65 80 0
72 94 1
59 83 0
5 53 1
69 91 1
32 41 0
0 84 1
26 73 0
53 14 1
1 12 0
54 15 1
29 24 1
16 51 0
21 95 1
34 46 0
69 84 0
30 38 1
22 18 1
99 0 1
21 49 0
68 0 1
20 48 0
12 13 0
74 88 0
19 92 1
32 94 0
50 82 0
23 79 0
53 57 0
6 3 0
12 57 0
68 19 1
60 89 0
8 52 1
30 26 1
86 97 1
92 50 0
45 63 0
57 17 1
57 60 0
64 8 1
27 90 0
67 60 0
88 76 0
68 85 0
41 90 0
42 87 0
34 37 1
15 82 1
28 64 0
86 16 1
73 65 0
62 21 1
71 44 0
45 35 1
33 7 1
5 15 0
31 42 0
93 28 1
33 8 1
64 25 1
96 76 0
70 41 0
67 74 0
6 89 1
91 30 1
56 99 1
77 3 1
94 66 0
82 85 0
47 73 0
91 21 1
27 9 1
2 5 0
30 88 0
25 14 1
49 64 0
70 95 1
14 76 0
67 46 0
5 85 1
61 47 0
74 36 1
19 41 0
74 50 0
80 96 1
91 2 1
44 72 0
76 16 1
57 27 1
96 28 1
85 61 0
59 89 0
68 74 0
78 12 1
42 97 1
47 77 0
64 68 0
88 68 0
77 19 1
39 81 0
83 13 1
84 45 0
57 86 0
82 33 1
91 19 1
9 22 0
80 38 1
49 59 0
60 34 1
62 46 0
49 21 1
87 71 0
58 15 1
25 34 1
54 92 1
65 80 0
15 10 0
31 47 0
95 15 1
44 74 0
66 56 0
19 48 0
59 95 1
82 30 1
95 30 1
70 67 0
75 20 1
26 45 0
27 47 0
85 54 0
65 91 1
91 10 1
26 48 0
47 51 0
59 31 1
95 14 1
88 14 1
91 11 1
25 80 0
12 35 0
59 73 0
32 75 0
37 67 0
95 75 0
12 43 0
9 45 1
3 41 1
51 48 0
85 92 1
50 69 0
63 0 1
29 95 0
2 59 1
67 83 0
70 83 0
1 81 1
35 69 0
54 81 0
62 18 1
75 68 0
58 58 0
58 43 0
52 4 1
63 5 1
42 39 1
50 98 1
41 55 0
99 78 0
51 41 0
35 77 0
42 64 0
40 97 1
15 92 1
93 92 1
22 80 0
5 46 1
76 41 0
92 63 0
59 48 0
35 3 1
87 29 1
53 97 1
17 86 1
33 81 0
14 39 0
28 44 0
37 36 1
2 4 0
95 48 0
74 97 1
44 69 0
58 37 1
56 77 0
80 95 1
94 71 0
18 17 1
71 81 0
89 12 1
29 87 0
39 27 1
53 19 1
7 65 1
56 80 0
17 21 1
8 65 1
16 10 1
13 75 0
94 71 0
22 61 0
92 8 1
98 99 1
71 96 1
36 87 0
89 11 1
10 52 1
99 31 1
96 56 0
64 48 0
61 60 0
66 1 1
40 89 0
97 25 1
56 49 0
25 46 0
37 21 1
41 3 1
96 44 0
36 28 1
66 97 1
94 88 0
39 48 0
53 24 1
57 81 0
17 81 1
88 37 1
24 40 1
75 87 0
36 34 1
43 81 0
99 90 1
21 69 0
15 24 0
48 35 1
85 19 1
99 4 1
77 59 0
39 18 1
98 63 0
74 5 1
64 50 0
27 4 1
64 72 0
70 92 1
39 35 1
75 64 0
48 71 0
33 62 0
54 18 1
17 58 0
64 91 1
92 71 0
7 94 1
90 88 0
87 51 0
36 9 1
84 33 1
90 78 0
61 93 1
32 11 1
49 55 0
95 76 0
44 25 1
91 48 0
53 65 0
10 94 1
67 6 1
69 3 1
68 92 1
30 17 1
22 37 1
16 7 1
42 86 0
60 31 1
38 9 1
65 12 1
99 11 1
62 97 1
78 8 1
57 53 0
20 96 1
81 38 1
61 99 1
95 87 0
31 24 1
34 36 1
89 82 0
49 82 0
92 11 1
65 10 1
85 29 1
69 44 0
8 14 0
17 38 1
10 99 1
33 75 0
57 52 0
11 42 0
77 36 1
90 47 0
49 54 0
42 33 1
94 75 0
61 70 0
22 11 1
6 80 1
18 80 0
10 30 0
45 99 1
4 27 0
68 61 0
84 66 0
51 35 1
14 72 0
50 93 1
97 18 1
69 2 1
35 29 1
21 92 1
97 58 0
98 35 1
63 74 0
10 60 1
1 54 1
94 93 1
81 42 0
85 64 0
46 95 1
60 68 0
30 54 0
30 70 0
39 11 1
85 44 0
35 74 0
27 2 1
23 92 1
37 68 0
56 7 1
0 17 0
57 10 1
7 6 0
2 72 1
25 69 0
89 81 0
24 14 1
20 67 0
79 20 1
13 10 0
13 22 0
74 83 0
28 66 0
52 97 1
57 60 0
23 59 0
43 67 0
87 22 1
59 23 1
39 40 1
49 44 0
32 28 1
16 66 0
9 28 0
21 88 1
22 62 0
8 89 1
56 8 1
2 47 1
30 22 1
10 74 1
64 96 1
35 68 0
57 18 1
37 70 0
14 62 0
78 74 0
82 56 0
53 17 1
39 78 0
52 15 1
3 0 0
93 96 1
39 40 1
48 36 1
97 21 1
60 91 1
45 29 1
5 82 1
57 73 0
81 29 1
11 4 0
70 50 0
95 81 0
41 83 0
39 22 1
98 57 0
26 1 1
89 71 0
81 22 1
18 53 0
61 55 0
66 2 1
97 66 0
66 28 1
54 87 0
2 72 1
86 53 0
71 56 0
83 94 1
50 89 0
1 39 1
41 26 1
59 29 1
78 1 1
34 46 0
55 69 0
13 42 0
23 36 1
9 5 0
33 77 0
23 45 0
44 21 1
23 83 1
65 72 0
69 7 1
40 62 0
0 28 0
62 20 1
60 10 1
23 24 1
84 71 0
95 3 1
10 84 1
68 81 0
32 68 0
17 81 1
72 45 0
95 80 0
30 55 0
79 41 0
14 41 0
32 52 0
89 30 1
58 83 0
23 43 0
46 10 1
78 39 1
2 52 1
27 89 0
82 7 1
84 45 0
26 56 0
76 30 1
71 71 0
97 51 0
49 93 1
67 88 0
93 16 1
6 96 1
81 50 0
3 83 1
22 28 1
36 9 1
59 10 1
88 85 0
29 24 1
0 72 1
21 42 0
0 8 0
44 5 1
94 18 1
78 91 1
73 86 0
24 8 1
81 84 0
40 44 0
12 77 0
25 43 0
40 29 1
80 47 0
55 5 1
31 6 1
81 11 1
19 97 1
41 15 1
61 58 0
58 62 0
41 49 0
86 4 1
57 13 1
78 29 1
4 54 1
3 0 0
1 92 1
51 71 0
67 98 1
23 76 0
68 5 1
82 25 1
20 28 1
23 13 1
69 97 1
82 67 0
22 88 1
7 91 1
99 29 1
96 32 1
71 76 0
52 75 0
85 21 1
12 39 0
73 20 1
42 10 1
37 76 0
33 29 1
5 40 1
95 9 1
36 42 0
14 68 0
19 85 1
48 96 1
46 86 0
90 48 0
96 54 0
96 60 0
55 22 1
84 54 0
45 30 1
10 39 1
73 99 1
6 12 0
80 29 1
20 3 1
69 14 1
83 57 0
61 9 1
85 7 1
35 29 1
48 28 1
22 21 1
10 9 0
5 24 0
43 33 1
96 22 1
61 59 0
82 99 1
20 76 0
59 98 1
10 40 1
66 65 0
79 14 1
27 65 0
18 30 1
22 5 1
59 59 0
9 77 1
64 60 0
69 67 0
